M1=100;
k1=50;
b=50;
M2=1;
k12=100;